2.444496123327173 41.619112198995013 20.044782976640753
27.001041745301821 15.987190448673065 30.191543200142469
3.054510198093257 42.292722008327358 6.442914161106066
0.131818978177299 39.355167974417642 3.284228059129896
47.310710697113867 4.102664140100900 18.451776736626298
12.162766960525311 1.333163190322538 15.509999597216956
9.424401684396156 48.516801557744295 5.543646242257043
6.492260939670848 45.690675007966661 34.718957163728288
46.420859683501003 35.649809746839949 49.942701077062032
29.610851188009070 43.785039402444400 7.851899162797210
37.373108294500554 1.694078395000695 40.791178257573013
27.380536253275599 41.590698408703645 30.655442867733279
10.204853029085720 49.281130451374282 13.581903029038526
43.235047647373307 7.312188882991760 21.651958823973294
1.549796877219247 40.450553242326972 4.691529252888416
23.346344811537464 37.427815742524255 1.565229474364421
31.260310547081898 45.236974882537953 9.621246815482735
14.408533305119971 28.145575536482770 42.578962534935662
47.203603339010665 11.402488807869371 25.622163119549939
5.060292130829902 19.581820778353988 8.553627998825921
20.131951603168599 9.514311961603496 23.454957978546134
10.147657482953583 24.534549575547944 13.610311836754117
11.155903670543760 0.104387267541321 14.416911971949466
44.197850601839763 33.196800636684895 22.370944648222506
27.015064715880465 41.159603088702822 30.506604202327600
